0 67.347826
1 66.594203
2 63.753623
3 62.594203
4 62.826087
5 63.101449
6 62.898551
7 62.681159
8 62.826087
9 61.608696
10 58.971014
11 59.695652
12 60.449275
13 61.159420
14 59.536232
15 58.507246
16 57.724638
17 57.159420
18 56.405797
19 56.557143
20 56.202899
21 56.014286
22 56.242857
23 55.585714
24 54.500000
25 53.900000
26 54.657143
27 53.514286
28 51.623188
29 49.857143
30 51.800000
31 43.043796
32 44.270073
33 44.883212
34 44.000000
35 44.423358
36 43.671533
37 42.321168
38 42.890511
39 43.985401
40 43.175182
41 40.532847
42 40.664234
43 41.175182
44 42.138686
45 41.386861
46 41.175182
47 39.715328
48 40.861314
49 42.182482
50 40.985401
51 39.401460
52 40.379562
53 40.788321
54 41.627737
55 40.649635
56 40.536765
57 39.897810
58 40.985401
59 41.817518
60 41.956204
61 35.779412
62 40.781022
63 40.102190
64 39.205882
65 40.445255
66 40.481752
67 38.671533
68 38.649635
69 37.802920
70 39.161765
71 39.227941
72 40.218978
73 39.175182
74 37.532847
75 37.766423
76 39.627737
77 39.255474
78 38.014599
79 38.613139
80 38.080292
81 38.051095
82 38.897059
83 39.211679
84 38.824818
85 37.277372
86 38.330882
87 37.605839
88 38.372263
89 38.664234
90 38.411765
91 35.028986
92 33.913043
93 41.029412
94 43.264706
95 42.367647
96 41.161765
97 39.779412
98 40.500000
99 41.882353
100 44.358209
101 42.632353
102 42.159420
103 42.764706
104 43.029412
105 42.867647
106 41.507246
107 43.275362
108 45.565217
109 45.942029
110 46.492754
111 45.608696
112 44.666667
113 45.130435
114 46.333333
115 47.086957
116 47.231884
117 46.086957
118 44.347826
119 44.362319
120 46.217391
121 47.942029
122 45.347826
123 45.420290
124 48.159420
125 50.521739
126 49.695652
127 49.985507
128 49.971014
129 48.942029
130 48.231884
131 49.724638
132 50.942029
133 52.594203
134 51.942029
135 52.507246
136 52.637681
137 52.666667
138 52.492754
139 53.884058
140 53.913043
141 53.884058
142 54.115942
143 55.159420
144 54.753623
145 56.420290
146 53.521739
147 52.942029
148 54.565217
149 56.695652
150 56.782609
151 56.000000
152 56.115942
153 57.173913
154 58.173913
155 57.086957
156 57.623188
157 59.289855
158 59.927536
159 59.840580
160 60.441176
161 60.191176
162 61.529412
163 60.014493
164 61.014493
165 60.681159
166 60.794118
167 62.579710
168 62.681159
169 63.666667
170 65.173913
171 65.347826
172 64.507246
173 63.304348
174 64.391304
175 65.159420
176 66.521739
177 67.202899
178 67.188406
179 67.000000
180 66.550725
181 66.492754
182 67.231884
183 66.434783
184 66.000000
185 65.927536
186 68.478261
187 67.666667
188 67.608696
189 69.101449
190 68.420290
191 69.811594
192 70.159420
193 69.652174
194 71.898551
195 73.072464
196 73.855072
197 74.753623
198 74.739130
199 74.275362
200 75.115942
201 76.753623
202 76.782609
203 77.608696
204 77.130435
205 77.797101
206 78.579710
207 79.289855
208 77.724638
209 78.652174
210 79.231884
211 80.449275
212 81.188406
213 79.811594
214 80.362319
215 80.014493
216 79.884058
217 80.130435
218 80.275362
219 80.797101
220 81.420290
221 81.014493
222 80.826087
223 80.782609
224 82.057971
225 82.246377
226 82.144928
227 82.405797
228 82.579710
229 82.333333
230 81.565217
231 80.971014
232 80.666667
233 81.405797
234 81.623188
235 81.173913
236 82.681159
237 81.710145
238 80.942029
239 81.739130
240 81.594203
241 81.521739
242 81.304348
243 81.086957
244 80.202899
245 80.855072
246 80.840580
247 81.289855
248 80.779412
249 81.869565
250 81.057971
251 80.289855
252 80.840580
253 80.231884
254 80.000000
255 80.376812
256 80.072464
257 81.376812
258 80.449275
259 81.043478
260 81.260870
261 80.173913
262 80.681159
263 79.550725
264 78.405797
265 77.579710
266 78.463768
267 78.637681
268 78.782609
269 78.971014
270 78.652174
271 79.449275
272 77.811594
273 77.420290
274 78.811594
275 78.014493
276 78.159420
277 77.391304
278 74.898551
279 75.695652
280 75.449275
281 76.086957
282 74.985507
283 73.695652
284 72.202899
285 72.434783
286 72.159420
287 71.173913
288 73.043478
289 72.173913
290 70.855072
291 70.623188
292 70.579710
293 72.492754
294 71.855072
295 70.507246
296 70.869565
297 70.260870
298 70.681159
299 69.666667
300 67.405797
301 66.565217
302 63.695652
303 65.855072
304 66.086957
305 67.072464
306 66.869565
